Roseta A:
Coluna:
0.3	0.35	0.4	0.45	0.5
Linha:
0	0.05	0.1	0.15	0.2	0.25	0.3	0.35	0.4
coeficiente a:
0.000	0.000	0.000	0.000	0.000
0.027	0.037	0.049	0.063	0.080
0.059	0.081	0.108	0.138	0.176
0.085	0.115	0.151	0.192	0.238
0.101	0.137	0.177	0.223	0.273
0.110	0.147	0.190	0.238	0.288
0.113	0.151	0.195	0.243	0.293
0.113	0.151	0.195	0.242	0.292
0.111	0.149	0.192	0.239	0.289
furo passante:
0.090	0.122	0.160	0.203	0.249
coeficiente b:
0.000	0.000	0.000	0.000	0.000
0.051	0.069	0.090	0.113	0.140
0.118	0.159	0.206	0.255	0.317
0.180	0.239	0.305	0.375	0.453
0.227	0.299	0.377	0.459	0.545
0.259	0.339	0.425	0.513	0.603
0.279	0.364	0.454	0.546	0.638
0.292	0.379	0.472	0.566	0.657
0.297	0.387	0.482	0.576	0.668
furo passante:
0.288	0.377	0.470	0.562	0.651
Curvas limites:
inferior:
0	0.1851	0.4283	0.6319	0.7804	0.8812	0.9405	0.9786	1
superior:
0	0.2559	0.5602	0.7845	0.9198	0.9874	10.0143	10.0143	1 
;
Roseta B:
Coluna:
0.3	0.35	0.4	0.45	0.5
Linha:
0	0.05	0.1	0.15	0.2	0.25	0.3	0.35	0.4
coeficiente a:
0.000	0.000	0.000	0.000	0.000
0.029	0.039	0.053	0.068	0.086
0.063	0.087	0.116	0.148	0.189
0.090	0.123	0.162	0.205	0.254
0.107	0.145	0.189	0.236	0.289
0.116	0.156	0.202	0.251	0.305
0.120	0.160	0.206	0.256	0.309
0.120	0.160	0.206	0.256	0.308
0.118	0.158	0.203	0.253	0.305
furo passante:
0.096	0.131	0.171	0.216	0.265
coeficiente b:
0.000	0.000	0.000	0.000	0.000
0.058	0.078	0.102	0.127	0.157
0.134	0.179	0.231	0.286	0.355
0.203	0.269	0.343	0.419	0.504
0.256	0.336	0.423	0.511	0.605
0.292	0.381	0.476	0.571	0.668
0.315	0.410	0.509	0.609	0.707
0.330	0.427	0.529	0.631	0.730
0.337	0.437	0.541	0.644	0.743
furo passante:
0.329	0.428	0.531	0.630	0.725
Curvas limites:
inferior:
0	0.1878	0.4255	0.6349	0.7818	0.8809	0.9430	0.9785	1
superior:
0	0.2623	0.5695	0.7966	0.9297	0.9964	1.0143	1.0136	1
;
Roseta C:
Coluna:
0.4	0.45	0.5	0.55	0.6
Linha:
0	0.05	0.1	0.15	0.2	0.25	0.3	0.35	0.4
coeficiente a:
0.000	0.000	0.000	0.000	0.000
0.065	0.084	0.106	0.130	0.157
0.147	0.191	0.238	0.293	0.361
0.218	0.281	0.347	0.420	0.506
0.270	0.343	0.421	0.504	0.595
0.302	0.381	0.465	0.554	0.648
0.321	0.403	0.491	0.583	0.679
0.331	0.415	0.505	0.599	0.698
0.336	0.421	0.512	0.608	0.709
furo passante:
0.316	0.399	0.494	0.597	0.707
coeficiente b:
0.000	0.000	0.000	0.000	0.000
0.105	0.132	0.158	0.185	0.217
0.250	0.314	0.373	0.440	0.519
0.391	0.484	0.570	0.658	0.754
0.506	0.617	0.719	0.816	0.912
0.591	0.712	0.823	0.923	10.015
0.650	0.778	0.893	0.994	10.081
0.690	0.822	0.939	10.041	10.125
0.719	0.851	0.970	10.073	10.154
furo passante:
0.623	0.723	0.799	0.847	0.859
Curvas limites:
inferior:
0	0.1632	0.3793	0.5860	0.7365	0.8482	0.9213	0.9680	1
superior:
0	0.2079	0.4643	0.6754	0.8238	0.9099	0.9608	0.9844	1
;