Roseta A:
Coluna:
1.52	1.78	2.03	2.29	2.54
Linha:
0	0.1	0.2	0.3	0.4	0.5	0.6	0.7	0.8	0.9	1.0
coeficiente a:
0.000	0.000	0.000	0.000	0.000
0.008	0.011	0.015	0.021	0.026
0.019	0.027	0.036	0.047	0.059
0.032	0.044	0.059	0.076	0.097
0.045	0.062	0.083	0.106	0.136
0.057	0.078	0.104	0.134	0.170
0.068	0.093	0.124	0.158	0.199
0.078	0.106	0.140	0.178	0.222
0.082	0.117	0.154	0.195	0.241
0.093	0.126	0.165	0.208	0.256
0.098	0.133	0.173	0.218	0.267
furo passante:
0.088	0.12	0.157	0.199	0.244
coeficiente b:
0.000	0.000	0.000	0.000	0.000
0.016	0.021	0.028	0.037	0.045
0.037	0.050	0.066	0.084	0.103
0.062	0.084	0.110	0.137	0.171
0.088	0.119	0.155	0.193	0.241
0.115	0.154	0.200	0.248	0.307
0.140	0.187	0.242	0.299	0.367
0.164	0.218	0.280	0.345	0.418
0.185	0.246	0.314	0.385	0.463
0.204	0.270	0.343	0.419	0.501
0.221	0.291	0.370	0.449	0.533
furo passante:
0.283	0.371	0.463	0.554	0.642
Curvas limites:
inferior:
0	0.1851	0.4283	0.6319	0.7804	0.8812	0.9405	0.9786	1
superior:
0	0.2559	0.5602	0.7845	0.9198	0.9874	10.0143	10.0143	1 
;
Roseta B:
Coluna:
1.52	1.78	2.03	2.29	2.54
Linha:
0	0.1	0.2	0.3	0.4	0.5	0.6	0.7	0.8	0.9	1.0
coeficiente a:
0.000	0.000	0.000	0.000	0.000
0.009	0.012	0.016	0.022	0.027
0.021	0.029	0.039	0.051	0.063
0.034	0.047	0.064	0.082	0.105
0.048	0.066	0.089	0.114	0.146
0.061	0.084	0.112	0.143	0.183
0.073	0.100	0.132	0.169	0.213
0.083	0.114	0.150	0.190	0.237
0.092	0.125	0.164	0.207	0.256
0.099	0.134	0.175	0.221	0.271
0.105	0.142	0.184	0.231	0.282
furo passante:
0.094	0.128	0.167	0.212	0.260
coeficiente b:
0.000	0.000	0.000	0.000	0.000
0.018	0.024	0.032	0.041	0.050
0.042	0.057	0.074	0.093	0.115
0.070	0.094	0.123	0.153	0.191
0.100	0.134	0.175	0.216	0.270
0.130	0.174	0.225	0.278	0.343
0.159	0.211	0.272	0.335	0.409
0.185	0.246	0.314	0.385	0.466
0.209	0.277	0.352	0.430	0.515
0.231	0.305	0.385	0.468	0.557
0.249	0.328	0.413	0.500	0.592
furo passante:
0.322	0.421	0.523	0.621	0.716
Curvas limites:
inferior:
0	0.1878	0.4255	0.6349	0.7818	0.8809	0.9430	0.9785	1
superior:
0	0.2623	0.5695	0.7966	0.9297	0.9964	10.0143	10.0136	1
;
Roseta C:
Coluna:
1.52	1.78	2.03	2.29	2.54
Linha:
0	0.1	0.2	0.3	0.4	0.5	0.6	0.7	0.8	0.9	1.0
coeficiente a:
0.000	0.000	0.000	0.000	0.000
0.019	0.027	0.038	0.050	0.061
0.046	0.064	0.086	0.111	0.139
0.076	0.105	0.141	0.182	0.235
0.106	0.147	0.197	0.253	0.324
0.134	0.186	0.248	0.316	0.400
0.160	0.221	0.292	0.371	0.464
0.182	0.250	0.330	0.416	0.515
0.201	0.275	0.361	0.453	0.556
0.217	0.296	0.386	0.482	0.588
0.230	0.312	0.405	0.505	0.613
furo passante:
0.246	0.335	0.437	0.553	0.681
coeficiente b:
0.000	0.000	0.000	0.000	0.000
0.032	0.043	0.056	0.070	0.082
0.076	0.103	0.132	0.161	0.193
0.128	0.172	0.221	0.269	0.333
0.184	0.246	0.315	0.383	0.468
0.240	0.320	0.407	0.490	0.589
0.293	0.389	0.491	0.587	0.695
0.343	0.452	0.566	0.673	0.784
0.387	0.507	0.631	0.745	0.858
0.427	0.556	0.687	0.806	0.918
0.461	0.597	0.734	0.856	0.968
furo passante:
0.519	0.648	0.758	0.831	0.860
Curvas limites:
inferior:
0	0.1632	0.3793	0.5860	0.7365	0.8482	0.9213	0.9680	1
superior:
0	0.2079	0.4643	0.6754	0.8238	0.9099	0.9608	0.9844	1
;